Sorted: -2115453189
-2043104399
-2042965093
-2022715175
-2019309180
-2004362811
-1983933016
-1975456133
-1872368143
-1776489363
-1774046303
-1595906971
-1502398822
-1477498264
-1411164550
-1324868775
-1251620074
-1208069366
-1199116856
-1196955523
-1142792890
-1102476188
-1062333309
-1013472668
-950880989
-919168493
-917315656
-889078942
-868149488
-834621706
-822815954
-757052122
-742155295
-736277360
-701664295
-579783872
-574459983
-517282157
-405683619
-385932241
-343995522
-339917561
-327623189
-320658751
-273215754
-260394784
-162744910
-161539769
-115325010
5702469
72411398
446642081
534210279
552674565
561751544
592386499
637652834
720833669
876421940
882159419
910309825
943679498
947435156
987331720
1061227324
1066818966
1104064203
1111040747
1207585611
1230373058
1253032356
1267110558
1286639337
1292572108
1338060669
1338225707
1346413970
1461875140
1510579794
1559105790
1648090656
1673779198
1685731459
1699296139
1714677855
1729169892
1732481997
1750268927
1791114247
1811994087
1840688529
1851331696
1908765543
1960238588
1984602292
2016576480
2041243436
2059617482
2060777085
2123638251