561751544
1346413970
1253032356
1230373058
1461875140
1338225707
-736277360
882159419
-822815954
-161539769
2041243436
-2042965093
-1776489363
-742155295
910309825
987331720
2016576480
1851331696
876421940
-1324868775
-1199116856
1840688529
-1774046303
-1595906971
-2022715175
-919168493
943679498
446642081
1673779198
-1062333309
1267110558
-1208069366
-574459983
-1983933016
-701664295
-2115453189
1984602292
1061227324
1648090656
637652834
-757052122
1066818966
1685731459
-327623189
-2043104399
-1196955523
-273215754
1791114247
1559105790
1292572108
-1102476188
1207585611
-1477498264
-115325010
1960238588
1732481997
1111040747
-2004362811
-1411164550
720833669
-834621706
-950880989
-405683619
2059617482
1908765543
1714677855
-320658751
592386499
534210279
-1013472668
-1872368143
2123638251
5702469
72411398
-517282157
-2019309180
-889078942
2060777085
1750268927
-1975456133
-339917561
552674565
1729169892
-917315656
1104064203
-1251620074
-343995522
-260394784
1286639337
1811994087
947435156
1510579794
-385932241
-162744910
1338060669
-579783872
-1142792890
-1502398822
1699296139
-868149488